-5.00e-01 5.83e+13 4.20e+12 5.83e+03 1.83e+02 2.80e+39 3.78e+38
0.00e+00 6.05e+13 3.26e+12 5.74e+03 1.42e+02 2.83e+39 2.93e+38
2.00e+00 6.46e+13 4.01e+12 5.57e+03 1.54e+02 2.86e+39 3.36e+38
2.70e+00 6.74e+13 4.13e+12 5.47e+03 1.45e+02 2.90e+39 3.31e+38
5.90e+00 7.67e+13 4.05e+12 5.18e+03 1.19e+02 3.00e+39 2.97e+38
7.50e+00 8.00e+13 4.26e+12 5.08e+03 1.14e+02 3.04e+39 2.98e+38
1.56e+01 9.54e+13 4.84e+12 4.73e+03 9.66e+01 3.23e+39 2.96e+38
1.79e+01 1.00e+14 5.11e+12 4.64e+03 9.68e+01 3.30e+39 3.06e+38
1.87e+01 9.91e+13 5.17e+12 4.68e+03 9.73e+01 3.34e+39 3.14e+38
1.99e+01 1.02e+14 6.00e+12 4.63e+03 1.07e+02 3.43e+39 3.60e+38
2.04e+01 1.03e+14 5.76e+12 4.60e+03 1.02e+02 3.40e+39 3.40e+38
2.15e+01 1.02e+14 5.49e+12 4.64e+03 1.02e+02 3.40e+39 3.33e+38
2.18e+01 1.00e+14 5.19e+12 4.67e+03 9.82e+01 3.40e+39 3.19e+38
2.24e+01 1.03e+14 5.88e+12 4.61e+03 1.06e+02 3.42e+39 3.53e+38
2.35e+01 1.02e+14 4.54e+12 4.65e+03 7.99e+01 3.43e+39 2.71e+38
2.38e+01 1.03e+14 4.91e+12 4.62e+03 8.86e+01 3.45e+39 2.97e+38
2.96e+01 1.12e+14 5.41e+12 4.48e+03 8.68e+01 3.56e+39 3.11e+38
3.00e+01 1.14e+14 5.56e+12 4.45e+03 8.56e+01 3.65e+39 3.18e+38
3.05e+01 1.15e+14 6.28e+12 4.42e+03 9.35e+01 3.57e+39 3.47e+38
3.08e+01 1.17e+14 6.25e+12 4.40e+03 8.94e+01 3.69e+39 3.46e+38
3.16e+01 1.18e+14 5.32e+12 4.40e+03 8.20e+01 3.71e+39 3.06e+38
3.18e+01 1.20e+14 6.14e+12 4.38e+03 8.55e+01 3.78e+39 3.41e+38
3.25e+01 1.16e+14 5.33e+12 4.43e+03 8.15e+01 3.71e+39 3.07e+38
3.29e+01 1.21e+14 6.30e+12 4.37e+03 8.45e+01 3.79e+39 3.44e+38
3.34e+01 1.16e+14 5.32e+12 4.43e+03 8.02e+01 3.70e+39 3.03e+38
3.39e+01 1.24e+14 6.89e+12 4.31e+03 9.01e+01 3.80e+39 3.70e+38
3.49e+01 1.26e+14 7.96e+12 4.30e+03 9.90e+01 3.88e+39 4.24e+38
3.54e+01 1.21e+14 6.53e+12 4.37e+03 9.09e+01 3.77e+39 3.61e+38
3.58e+01 1.22e+14 6.88e+12 4.36e+03 9.28e+01 3.82e+39 3.78e+38
#3.74e+01 1.27e+14 8.52e+12 4.32e+03 1.08e+02 4.01e+39 4.69e+38
3.79e+01 1.19e+14 5.08e+12 4.41e+03 7.20e+01 3.83e+39 2.88e+38
3.84e+01 1.22e+14 5.33e+12 4.39e+03 7.00e+01 3.92e+39 2.97e+38
3.98e+01 1.23e+14 6.24e+12 4.36e+03 8.47e+01 3.89e+39 3.48e+38
4.26e+01 1.30e+14 8.07e+12 4.27e+03 1.01e+02 4.04e+39 4.41e+38
4.29e+01 1.31e+14 7.72e+12 4.27e+03 9.67e+01 4.08e+39 4.25e+38
4.39e+01 1.35e+14 7.53e+12 4.22e+03 8.82e+01 4.12e+39 4.02e+38
4.44e+01 1.34e+14 9.40e+12 4.21e+03 1.11e+02 4.05e+39 4.96e+38
#4.94e+01 1.49e+14 9.98e+12 4.07e+03 9.94e+01 4.37e+39 5.06e+38
4.95e+01 1.46e+14 1.05e+13 4.08e+03 1.05e+02 4.24e+39 5.23e+38
5.05e+01 1.41e+14 1.05e+13 4.12e+03 1.15e+02 4.08e+39 5.31e+38
5.14e+01 1.37e+14 9.49e+12 4.17e+03 1.12e+02 4.06e+39 4.98e+38
5.24e+01 1.36e+14 9.15e+12 4.19e+03 1.11e+02 4.02e+39 4.85e+38
5.34e+01 1.45e+14 1.04e+13 4.09e+03 1.07e+02 4.20e+39 5.19e+38
5.46e+01 1.46e+14 1.06e+13 4.07e+03 1.09e+02 4.17e+39 5.27e+38
5.69e+01 1.39e+14 8.77e+12 4.15e+03 9.88e+01 4.08e+39 4.52e+38
5.79e+01 1.41e+14 1.14e+13 4.14e+03 1.24e+02 4.15e+39 5.84e+38
5.85e+01 1.45e+14 1.20e+13 4.08e+03 1.25e+02 4.13e+39 5.94e+38
#5.93e+01 1.55e+14 1.07e+13 4.01e+03 1.02e+02 4.44e+39 5.30e+38
5.95e+01 1.51e+14 1.15e+13 4.01e+03 1.07e+02 4.19e+39 5.45e+38
6.05e+01 1.51e+14 1.27e+13 4.02e+03 1.23e+02 4.23e+39 6.17e+38
6.15e+01 1.56e+14 1.22e+13 3.97e+03 1.10e+02 4.33e+39 5.77e+38
6.24e+01 1.48e+14 1.18e+13 4.06e+03 1.20e+02 4.21e+39 5.86e+38
6.39e+01 1.55e+14 1.25e+13 4.00e+03 1.15e+02 4.34e+39 6.01e+38
6.54e+01 1.59e+14 1.26e+13 3.95e+03 1.11e+02 4.38e+39 5.92e+38
6.64e+01 1.55e+14 1.23e+13 3.97e+03 1.10e+02 4.27e+39 5.76e+38
6.74e+01 1.50e+14 1.15e+13 4.03e+03 1.11e+02 4.20e+39 5.56e+38
6.79e+01 1.51e+14 1.04e+13 4.02e+03 9.92e+01 4.26e+39 5.01e+38
6.95e+01 1.56e+14 1.15e+13 3.97e+03 1.04e+02 4.29e+39 5.40e+38
6.99e+01 1.49e+14 1.03e+13 4.05e+03 1.04e+02 4.25e+39 5.13e+38
7.04e+01 1.46e+14 9.90e+12 4.07e+03 1.02e+02 4.16e+39 4.90e+38
7.08e+01 1.45e+14 1.01e+13 4.09e+03 1.03e+02 4.17e+39 5.01e+38
7.18e+01 1.48e+14 9.28e+12 4.04e+03 9.40e+01 4.17e+39 4.55e+38
7.29e+01 1.52e+14 7.77e+12 3.95e+03 7.54e+01 4.04e+39 3.60e+38
7.35e+01 1.50e+14 6.42e+12 3.94e+03 6.33e+01 3.89e+39 2.91e+38
7.45e+01 1.56e+14 8.60e+12 3.83e+03 8.40e+01 3.70e+39 3.67e+38
7.49e+01 1.52e+14 8.20e+12 3.85e+03 8.27e+01 3.63e+39 3.51e+38
7.55e+01 1.51e+14 8.26e+12 3.84e+03 8.65e+01 3.52e+39 3.52e+38
7.64e+01 1.56e+14 8.41e+12 3.75e+03 7.86e+01 3.41e+39 3.27e+38
8.18e+01 1.52e+14 6.65e+12 3.64e+03 5.55e+01 2.88e+39 2.14e+38
8.59e+01 1.51e+14 5.85e+12 3.57e+03 4.72e+01 2.65e+39 1.73e+38
9.08e+01 1.33e+14 5.95e+12 3.64e+03 5.45e+01 2.21e+39 1.65e+38
9.18e+01 1.34e+14 6.21e+12 3.63e+03 5.65e+01 2.20e+39 1.71e+38
1.005e+02 1.35e+14 5.93e+12 3.58e+03 5.42e+01 2.13e+39 1.58e+38
1.015e+02 1.40e+14 6.57e+12 3.54e+03 5.69e+01 2.17e+39 1.72e+38
1.025e+02 1.38e+14 7.07e+12 3.54e+03 5.98e+01 2.14e+39 1.82e+38
1.035e+02 1.33e+14 7.04e+12 3.59e+03 6.65e+01 2.10e+39 1.89e+38
1.055e+02 1.35e+14 6.98e+12 3.56e+03 6.15e+01 2.07e+39 1.78e+38
1.065e+02 1.33e+14 6.64e+12 3.57e+03 5.93e+01 2.04e+39 1.70e+38
1.075e+02 1.27e+14 5.75e+12 3.60e+03 5.64e+01 1.93e+39 1.48e+38
1.115e+02 1.23e+14 5.90e+12 3.61e+03 6.20e+01 1.83e+39 1.51e+38
1.185e+02 1.17e+14 5.88e+12 3.61e+03 6.52e+01 1.66e+39 1.43e+38
